 M=        1000
   1.2451782822608948E-006
   5.5236741900444031E-006
   6.6380016505718231E-006
   6.6407956182956696E-006
   7.6387077569961548E-006
   7.8030861914157867E-006
   1.0204501450061798E-005
   1.0691117495298386E-005
   1.1510215699672699E-005
   1.2444797903299332E-005
   1.5242025256156921E-005
   1.9087921828031540E-005
   2.2660940885543823E-005
   2.3015774786472321E-005
   2.3539178073406219E-005
   3.1753443181514740E-005
   3.3237971365451813E-005
   3.9324164390563965E-005
   4.1628722101449966E-005
   4.1754916310310364E-005
   4.3858308345079422E-005
   4.4111628085374832E-005
   4.7957990318536758E-005
   4.8963818699121475E-005
   5.1964540034532547E-005
   5.2090734243392944E-005
   5.3675845265388489E-005
   6.1507336795330048E-005
   6.1914790421724319E-005
   6.3926447182893753E-005
   6.6818203777074814E-005
   6.7229848355054855E-005
   6.9161877036094666E-005
   6.9758854806423187E-005
   7.6727475970983505E-005
   7.6849479228258133E-005
   7.8147277235984802E-005
   7.9223420470952988E-005
   8.7061896920204163E-005
   9.1947149485349655E-005
   9.6141826361417770E-005
   1.0384479537606239E-004
   1.0469835251569748E-004
   1.0483711957931519E-004
   1.0815449059009552E-004
   1.0871142148971558E-004
   1.0941270738840103E-004
   1.1029513552784920E-004
   1.1131074279546738E-004
   1.1304533109068871E-004
   1.1786352843046188E-004
   1.1833431199193001E-004
   1.1891126632690430E-004
   1.1996785178780556E-004
   1.2081814929842949E-004
   1.2275995686650276E-004
   1.2323725968599319E-004
   1.2400327250361443E-004
   1.2419419363141060E-004
   1.2634787708520889E-004
   1.2803170830011368E-004
   1.2871669605374336E-004
   1.2873765081167221E-004
   1.2933835387229919E-004
   1.2959446758031845E-004
   1.2982776388525963E-004
   1.3387715443968773E-004
   1.3420172035694122E-004
   1.3589533045887947E-004
   1.3787206262350082E-004
   1.4792056754231453E-004
   1.5178928151726723E-004
   1.5228521078824997E-004
   1.5694461762905121E-004
   1.6430160030722618E-004
   1.6634492203593254E-004
   1.6867276281118393E-004
   1.6907602548599243E-004
   1.6976566985249519E-004
   1.7173774540424347E-004
   1.7313193529844284E-004
   1.7483718693256378E-004
   1.8003210425376892E-004
   1.8975045531988144E-004
   1.9014906138181686E-004
   1.9104313105344772E-004
   1.9265664741396904E-004
   1.9514840096235275E-004
   1.9682757556438446E-004
   1.9898451864719391E-004
   2.0212819799780846E-004
   2.0645000040531158E-004
   2.1156482398509979E-004
   2.1246401593089104E-004
   2.1392153576016426E-004
   2.1404121071100235E-004
   2.1420093253254890E-004
   2.1529849618673325E-004
   2.1592527627944946E-004
   2.1654041483998299E-004
   2.2125616669654846E-004
   2.2442452609539032E-004
   2.2622151300311089E-004
   2.2647902369499207E-004
   2.2673467174172401E-004
   2.2761616855859756E-004
   2.2784015163779259E-004
   2.2957101464271545E-004
   2.2990535944700241E-004
   2.3014610633254051E-004
   2.3279059678316116E-004
   2.3352308198809624E-004
   2.3518502712249756E-004
   2.3716781288385391E-004
   2.3732939735054970E-004
   2.3993430659174919E-004
   2.4029333144426346E-004
   2.4267984554171562E-004
   2.4270685389637947E-004
   2.4569360539317131E-004
   2.4853926151990891E-004
   2.5500031188130379E-004
   2.5669066235423088E-004
   2.6048906147480011E-004
   2.6437640190124512E-004
   2.6870705187320709E-004
   2.7062976732850075E-004
   2.7126632630825043E-004
   2.7668988332152367E-004
   2.7913507074117661E-004
   2.7998769655823708E-004
   2.8568226844072342E-004
   2.8947461396455765E-004
   2.9045902192592621E-004
   2.9109418392181396E-004
   2.9174098744988441E-004
   2.9206322506070137E-004
   2.9280874878168106E-004
   2.9568048194050789E-004
   2.9979459941387177E-004
   3.0377926304936409E-004
   3.0439952388405800E-004
   3.0545331537723541E-004
   3.0980352312326431E-004
   3.1060166656970978E-004
   3.1072646379470825E-004
   3.1147245317697525E-004
   3.1518051400780678E-004
   3.1519914045929909E-004
   3.1707808375358582E-004
   3.1745387241244316E-004
   3.2028090208768845E-004
   3.2301666215062141E-004
   3.2562576234340668E-004
   3.2585393637418747E-004
   3.2853335142135620E-004
   3.3100228756666183E-004
   3.3108051866292953E-004
   3.3135246485471725E-004
   3.3224141225218773E-004
   3.3480953425168991E-004
   3.3807661384344101E-004
   3.3893994987010956E-004
   3.4089758992195129E-004
   3.4095672890543938E-004
   3.4366361796855927E-004
   3.4443102777004242E-004
   3.4443521872162819E-004
   3.5185925662517548E-004
   3.5342527553439140E-004
   3.5344390198588371E-004
   3.5362131893634796E-004
   3.5489723086357117E-004
   3.5515846684575081E-004
   3.6344118416309357E-004
   3.6962982267141342E-004
   3.7371553480625153E-004
   3.7430878728628159E-004
   3.7700729444622993E-004
   3.7707714363932610E-004
   3.7766061723232269E-004
   3.7886761128902435E-004
   3.8256682455539703E-004
   3.8790563121438026E-004
   3.8964534178376198E-004
   3.9135012775659561E-004
   3.9194338023662567E-004
   3.9241183549165726E-004
   3.9425352588295937E-004
   3.9778137579560280E-004
   4.0142610669136047E-004
   4.0441378951072693E-004
   4.0551042184233665E-004
   4.0669320151209831E-004
   4.0701450780034065E-004
   4.1106250137090683E-004
   4.1282176971435547E-004
   4.1338149458169937E-004
   4.1421921923756599E-004
   4.1439151391386986E-004
   4.1638175025582314E-004
   4.1853683069348335E-004
   4.2003998532891273E-004
   4.2282370850443840E-004
   4.2287120595574379E-004
   4.2565492913126945E-004
   4.2579090222716331E-004
   4.2708078399300575E-004
   4.3283682316541672E-004
   4.3355254456400871E-004
   4.3543754145503044E-004
   4.3699052184820175E-004
   4.3801171705126762E-004
   4.4288998469710350E-004
   4.6049105003476143E-004
   4.6068755909800529E-004
   4.6291481703519821E-004
   4.6606594696640968E-004
   4.6701775863766670E-004
   4.6865502372384071E-004
   4.7033093869686127E-004
   4.7103082761168480E-004
   4.8045720905065536E-004
   4.8099458217620850E-004
   4.8172287642955780E-004
   4.8741372302174568E-004
   4.8942770808935165E-004
   4.9040280282497406E-004
   4.9386126920580864E-004
   4.9499422311782837E-004
   4.9605313688516617E-004
   4.9676140770316124E-004
   5.0091929733753204E-004
   5.0225341692566872E-004
   5.0333654507994652E-004
   5.0372118130326271E-004
   5.0397217273712158E-004
   5.0953030586242676E-004
   5.0999829545617104E-004
   5.1031680777668953E-004
   5.1254779100418091E-004
   5.2767572924494743E-004
   5.2902149036526680E-004
   5.2973721176385880E-004
   5.3603248670697212E-004
   5.3646368905901909E-004
   5.3934426978230476E-004
   5.4065277799963951E-004
   5.4121576249599457E-004
   5.4283067584037781E-004
   5.4569076746702194E-004
   5.4954504594206810E-004
   5.5044563487172127E-004
   5.5075576528906822E-004
   5.5995211005210876E-004
   5.6285737082362175E-004
   5.6435493752360344E-004
   5.6695239618420601E-004
   5.6816497817635536E-004
   5.6961597874760628E-004
   5.7155033573508263E-004
   5.7246163487434387E-004
   5.7792104780673981E-004
   5.7793036103248596E-004
   5.8029592037200928E-004
   5.8178789913654327E-004
   5.8368686586618423E-004
   5.9014465659856796E-004
   5.9311510995030403E-004
   5.9360126033425331E-004
   5.9643760323524475E-004
   6.0353567823767662E-004
   6.0464348644018173E-004
   6.0504535213112831E-004
   6.0563394799828529E-004
   6.0747517272830009E-004
   6.0871383175253868E-004
   6.1089871451258659E-004
   6.1346637085080147E-004
   6.1423936858773232E-004
   6.1512971296906471E-004
   6.2195630744099617E-004
   6.2222033739089966E-004
   6.2709208577871323E-004
   6.2849512323737144E-004
   6.2924204394221306E-004
   6.2974495813250542E-004
   6.3015706837177277E-004
   6.3028465956449509E-004
   6.3078710809350014E-004
   6.3122017309069633E-004
   6.3366722315549850E-004
   6.3485605642199516E-004
   6.3517829403281212E-004
   6.3593592494726181E-004
   6.3954154029488564E-004
   6.4170593395829201E-004
   6.4256507903337479E-004
   6.4263632521033287E-004
   6.4321933314204216E-004
   6.4441701397299767E-004
   6.4553227275609970E-004
   6.4594810828566551E-004
   6.4641470089554787E-004
   6.5040029585361481E-004
   6.5260566771030426E-004
   6.5599055960774422E-004
   6.5645575523376465E-004
   6.6028023138642311E-004
   6.6186115145683289E-004
   6.6266162320971489E-004
   6.6338293254375458E-004
   6.6690798848867416E-004
   6.7242188379168510E-004
   6.7443400621414185E-004
   6.7542167380452156E-004
   6.7556044086813927E-004
   6.7656394094228745E-004
   6.7970901727676392E-004
   6.8031484261155128E-004
   6.8085314705967903E-004
   6.8351160734891891E-004
   6.8948697298765182E-004
   6.9031631574034691E-004
   6.9230748340487480E-004
   6.9283694028854370E-004
   6.9615989923477173E-004
   6.9639971479773521E-004
   6.9650448858737946E-004
   6.9984328001737595E-004
   7.0128310471773148E-004
   7.0508103817701340E-004
   7.0673646405339241E-004
   7.0741027593612671E-004
   7.1220006793737411E-004
   7.1310205385088921E-004
   7.1503501385450363E-004
   7.1547552943229675E-004
   7.1619544178247452E-004
   7.1881990879774094E-004
   7.1979220956563950E-004
   7.2092376649379730E-004
   7.2104483842849731E-004
   7.2326743975281715E-004
   7.2496943175792694E-004
   7.2771636769175529E-004
   7.2784163057804108E-004
   7.2814431041479111E-004
   7.4132438749074936E-004
   7.4141239747405052E-004
   7.4258586391806602E-004
   7.4395304545760155E-004
   7.4464594945311546E-004
   7.4480660259723663E-004
   7.4536725878715515E-004
   7.4548227712512016E-004
   7.4872467666864395E-004
   7.4916100129485130E-004
   7.5200200080871582E-004
   7.5472006574273109E-004
   7.5587164610624313E-004
   7.6041230931878090E-004
   7.6209567487239838E-004
   7.6363701373338699E-004
   7.6392805203795433E-004
   7.6472945511341095E-004
   7.6735718175768852E-004
   7.6763750985264778E-004
   7.6947128400206566E-004
   7.7028013765811920E-004
   7.7219866216182709E-004
   7.7841058373451233E-004
   7.7913003042340279E-004
   7.7987695112824440E-004
   7.8137079253792763E-004
   7.8156776726245880E-004
   7.8186113387346268E-004
   7.8302389010787010E-004
   7.8371539711952209E-004
   7.8794872388243675E-004
   7.8860390931367874E-004
   7.9191243276000023E-004
   7.9739280045032501E-004
   8.0243451520800591E-004
   8.1224320456385612E-004
   8.1478385254740715E-004
   8.1484159454703331E-004
   8.2676019519567490E-004
   8.2738464698195457E-004
   8.2910060882568359E-004
   8.3011202514171600E-004
   8.3031924441456795E-004
   8.3215255290269852E-004
   8.3894282579421997E-004
   8.4063969552516937E-004
   8.4090791642665863E-004
   8.4115564823150635E-004
   8.4177777171134949E-004
   8.4369257092475891E-004
   8.4746116772294044E-004
   8.4830680862069130E-004
   8.4842508658766747E-004
   8.4869144484400749E-004
   8.5099367424845695E-004
   8.5554365068674088E-004
   8.5770431905984879E-004
   8.5890386253595352E-004
   8.5932854562997818E-004
   8.6211506277322769E-004
   8.6311111226677895E-004
   8.6389761418104172E-004
   8.6611555889248848E-004
   8.6805596947669983E-004
   8.6995866149663925E-004
   8.7179383262991905E-004
   8.7337335571646690E-004
   8.7467394769191742E-004
   8.8109867647290230E-004
   8.8518392294645309E-004
   8.8730594143271446E-004
   8.8994624093174934E-004
   8.9013576507568359E-004
   8.9466338977217674E-004
   8.9535862207412720E-004
   9.0357474982738495E-004
   9.0675940737128258E-004
   9.1032544150948524E-004
   9.1199763119220734E-004
   9.1726519167423248E-004
   9.2072552070021629E-004
   9.2099187895655632E-004
   9.2203216627240181E-004
   9.2610670253634453E-004
   9.2699332162737846E-004
   9.2732114717364311E-004
   9.2777982354164124E-004
   9.2862173914909363E-004
   9.3313027173280716E-004
   9.3414774164557457E-004
   9.3574402853846550E-004
   9.3729607760906219E-004
   9.3799410387873650E-004
   9.3908933922648430E-004
   9.4360951334238052E-004
   9.4498554244637489E-004
   9.4640720635652542E-004
   9.4658974558115005E-004
   9.4777857884764671E-004
   9.4917928799986839E-004
   9.5350062474608421E-004
   9.5541635528206825E-004
   9.5622194930911064E-004
   9.5856189727783203E-004
   9.6700061112642288E-004
   9.7052706405520439E-004
   9.7279623150825500E-004
   9.7428681328892708E-004
   9.7551662474870682E-004
   9.7898207604885101E-004
   9.7907707095146179E-004
   9.8123820498585701E-004
   9.8177045583724976E-004
   9.8370248451828957E-004
   9.8474882543087006E-004
   9.9075492471456528E-004
   9.9164946004748344E-004
   9.9221104755997658E-004
   9.9763227626681328E-004
   9.9808908998966217E-004
   1.0004923678934574E-003
   1.0006367228925228E-003
   1.0042591020464897E-003
   1.0086302645504475E-003
   1.0094502940773964E-003
   1.0100798681378365E-003
   1.0106442496180534E-003
   1.0107522830367088E-003
   1.0131578892469406E-003
   1.0175858624279499E-003
   1.0200156830251217E-003
   1.0280031710863113E-003
   1.0340190492570400E-003
   1.0350430384278297E-003
   1.0352008976042271E-003
   1.0364996269345284E-003
   1.0406416840851307E-003
   1.0450789704918861E-003
   1.0475590825080872E-003
   1.0485816746950150E-003
   1.0495809838175774E-003
   1.0508187115192413E-003
   1.0556327179074287E-003
   1.0559493675827980E-003
   1.0580820962786674E-003
   1.0588443838059902E-003
   1.0592499747872353E-003
   1.0609338060021400E-003
   1.0609896853566170E-003
   1.0699257254600525E-003
   1.0706926696002483E-003
   1.0709166526794434E-003
   1.0710032656788826E-003
   1.0718675330281258E-003
   1.0755821131169796E-003
   1.0789199732244015E-003
   1.0797074064612389E-003
   1.0808273218572140E-003
   1.0859547182917595E-003
   1.0872678831219673E-003
   1.0879910551011562E-003
   1.0887808166444302E-003
   1.0950407013297081E-003
   1.0971263982355595E-003
   1.0971575975418091E-003
   1.0980549268424511E-003
   1.1013993062078953E-003
   1.1048433370888233E-003
   1.1135232634842396E-003
   1.1151432991027832E-003
   1.1177537962794304E-003
   1.1215428821742535E-003
   1.1221920140087605E-003
   1.1222292669117451E-003
   1.1245217174291611E-003
   1.1271457187831402E-003
   1.1275229044258595E-003
   1.1286144144833088E-003
   1.1296193115413189E-003
   1.1297534219920635E-003
   1.1298740282654762E-003
   1.1339522898197174E-003
   1.1342042125761509E-003
   1.1358722113072872E-003
   1.1385884135961533E-003
   1.1441358365118504E-003
   1.1469293385744095E-003
   1.1473335325717926E-003
   1.1501112021505833E-003
   1.1501596309244633E-003
   1.1530760675668716E-003
   1.1541829444468021E-003
   1.1548660695552826E-003
   1.1555510573089123E-003
   1.1612875387072563E-003
   1.1617946438491344E-003
   1.1623483151197433E-003
   1.1652405373752117E-003
   1.1673723347485065E-003
   1.1687185615301132E-003
   1.1718221940100193E-003
   1.1718370951712132E-003
   1.1764429509639740E-003
   1.1779745109379292E-003
   1.1830711737275124E-003
   1.1839489452540874E-003
   1.1873790062963963E-003
   1.1881287209689617E-003
   1.1896784417331219E-003
   1.1902060359716415E-003
   1.1914861388504505E-003
   1.1997898109257221E-003
   1.2004845775663853E-003
   1.2013358063995838E-003
   1.2034741230309010E-003
   1.2038229033350945E-003
   1.2044319882988930E-003
   1.2071044184267521E-003
   1.2089023366570473E-003
   1.2108231894671917E-003
   1.2155524455010891E-003
   1.2177755124866962E-003
   1.2221471406519413E-003
   1.2242444790899754E-003
   1.2255776673555374E-003
   1.2267702259123325E-003
   1.2281937524676323E-003
   1.2298617511987686E-003
   1.2314156629145145E-003
   1.2324401177465916E-003
   1.2328200973570347E-003
   1.2364583089947701E-003
   1.2408918701112270E-003
   1.2431931681931019E-003
   1.2449184432625771E-003
   1.2465296313166618E-003
   1.2475564144551754E-003
   1.2476621195673943E-003
   1.2483396567404270E-003
   1.2490730732679367E-003
   1.2504826299846172E-003
   1.2505734339356422E-003
   1.2507676146924496E-003
   1.2535890564322472E-003
   1.2541664764285088E-003
   1.2545348145067692E-003
   1.2551690451800823E-003
   1.2560081668198109E-003
   1.2566945515573025E-003
   1.2598088942468166E-003
   1.2605004012584686E-003
   1.2720539234578609E-003
   1.2754090130329132E-003
   1.2759715318679810E-003
   1.2773978523910046E-003
   1.2785573489964008E-003
   1.2798616662621498E-003
   1.2801708653569221E-003
   1.2801974080502987E-003
   1.2824865989387035E-003
   1.2922510504722595E-003
   1.2949127703905106E-003
   1.2971302494406700E-003
   1.3011111877858639E-003
   1.3062870129942894E-003
   1.3066153042018414E-003
   1.3068122789263725E-003
   1.3079545460641384E-003
   1.3094474561512470E-003
   1.3135354965925217E-003
   1.3144281692802906E-003
   1.3175224885344505E-003
   1.3180202804505825E-003
   1.3216384686529636E-003
   1.3218400999903679E-003
   1.3275602832436562E-003
   1.3315589167177677E-003
   1.3349610380828381E-003
   1.3375733979046345E-003
   1.3384297490119934E-003
   1.3419492170214653E-003
   1.3455152511596680E-003
   1.3464968651533127E-003
   1.3481355272233486E-003
   1.3490798883140087E-003
   1.3493322767317295E-003
   1.3622464612126350E-003
   1.3626227155327797E-003
   1.3654963113367558E-003
   1.3663177378475666E-003
   1.3663577847182751E-003
   1.3677626848220825E-003
   1.3683405704796314E-003
   1.3690008781850338E-003
   1.3697762042284012E-003
   1.3700881972908974E-003
   1.3708518818020821E-003
   1.3730991631746292E-003
   1.3805339112877846E-003
   1.3820272870361805E-003
   1.3826140202581882E-003
   1.3839555904269218E-003
   1.3844650238752365E-003
   1.3870424591004848E-003
   1.3877050951123238E-003
   1.3878229074180126E-003
   1.3890517875552177E-003
   1.3973256573081017E-003
   1.3978993520140648E-003
   1.4005703851580620E-003
   1.4009736478328705E-003
   1.4048847369849682E-003
   1.4066789299249649E-003
   1.4085583388805389E-003
   1.4088144525885582E-003
   1.4091790653765202E-003
   1.4125853776931763E-003
   1.4127129688858986E-003
   1.4159465208649635E-003
   1.4225835911929607E-003
   1.4235749840736389E-003
   1.4238022267818451E-003
   1.4261966571211815E-003
   1.4266781508922577E-003
   1.4308537356555462E-003
   1.4311545528471470E-003
   1.4313096180558205E-003
   1.4317906461656094E-003
   1.4327242970466614E-003
   1.4385050162672997E-003
   1.4385445974767208E-003
   1.4389948919415474E-003
   1.4396011829376221E-003
   1.4418764039874077E-003
   1.4436389319598675E-003
   1.4464086852967739E-003
   1.4482466503977776E-003
   1.4496697112917900E-003
   1.4522699639201164E-003
   1.4540888369083405E-003
   1.4558159746229649E-003
   1.4575915411114693E-003
   1.4595957472920418E-003
   1.4606830663979053E-003
   1.4654281549155712E-003
   1.4656018465757370E-003
   1.4667636714875698E-003
   1.4683781191706657E-003
   1.4728265814483166E-003
   1.4730165712535381E-003
   1.4744619838893414E-003
   1.4747502282261848E-003
   1.4778273180127144E-003
   1.4786245301365852E-003
   1.4812117442488670E-003
   1.4836532063782215E-003
   1.4839647337794304E-003
   1.4883484691381454E-003
   1.4884928241372108E-003
   1.4920602552592754E-003
   1.4933682978153229E-003
   1.4958870597183704E-003
   1.4976989477872849E-003
   1.4981562271714211E-003
   1.4990461058914661E-003
   1.5031816437840462E-003
   1.5088883228600025E-003
   1.5098615549504757E-003
   1.5105376951396465E-003
   1.5113670378923416E-003
   1.5121768228709698E-003
   1.5134485438466072E-003
   1.5143952332437038E-003
   1.5146071091294289E-003
   1.5204912051558495E-003
   1.5257275663316250E-003
   1.5268526040017605E-003
   1.5305997803807259E-003
   1.5324233099818230E-003
   1.5389481559395790E-003
   1.5394962392747402E-003
   1.5398757532238960E-003
   1.5423358418047428E-003
   1.5424271114170551E-003
   1.5452541410923004E-003
   1.5458134002983570E-003
   1.5473314560949802E-003
   1.5480173751711845E-003
   1.5530064702033997E-003
   1.5541063621640205E-003
   1.5544369816780090E-003
   1.5554525889456272E-003
   1.5603862702846527E-003
   1.5642093494534492E-003
   1.5667998231947422E-003
   1.5670303255319595E-003
   1.5697134658694267E-003
   1.5698159113526344E-003
   1.5707821585237980E-003
   1.5718070790171623E-003
   1.5732529573142529E-003
   1.5773898921906948E-003
   1.5790280885994434E-003
   1.5812315978109837E-003
   1.5826765447854996E-003
   1.5856693498790264E-003
   1.5868041664361954E-003
   1.5868819318711758E-003
   1.5875268727540970E-003
   1.5882346779108047E-003
   1.5930454246699810E-003
   1.5968959778547287E-003
   1.5982668846845627E-003
   1.6074166633188725E-003
   1.6097468324005604E-003
   1.6128234565258026E-003
   1.6220537945628166E-003
   1.6225320287048817E-003
   1.6263280995190144E-003
   1.6283970326185226E-003
   1.6328194178640842E-003
   1.6353316605091095E-003
   1.6387444920837879E-003
   1.6410625539720058E-003
   1.6417796723544598E-003
   1.6426718793809414E-003
   1.6439631581306458E-003
   1.6455492004752159E-003
   1.6476525925099850E-003
   1.6494654119014740E-003
   1.6599213704466820E-003
   1.6613500192761421E-003
   1.6621984541416168E-003
   1.6625961288809776E-003
   1.6628103330731392E-003
   1.6679205000400543E-003
   1.6683693975210190E-003
   1.6756895929574966E-003
   1.6774600371718407E-003
   1.6787787899374962E-003
   1.6790349036455154E-003
   1.6803517937660217E-003
   1.6817590221762657E-003
   1.6832984983921051E-003
   1.6834205016493797E-003
   1.6836556605994701E-003
   1.6838312149047852E-003
   1.6850316897034645E-003
   1.6852626577019691E-003
   1.6874778084456921E-003
   1.6889818944036961E-003
   1.6901399940252304E-003
   1.6902955248951912E-003
   1.6986345872282982E-003
   1.7010862939059734E-003
   1.7023538239300251E-003
   1.7024409025907516E-003
   1.7074178904294968E-003
   1.7085825093090534E-003
   1.7129248008131981E-003
   1.7138961702585220E-003
   1.7149834893643856E-003
   1.7189998179674149E-003
   1.7210417427122593E-003
   1.7224336043000221E-003
   1.7252601683139801E-003
   1.7256480641663074E-003
   1.7322869971394539E-003
   1.7328686080873013E-003
   1.7376556061208248E-003
   1.7394679598510265E-003
   1.7406591214239597E-003
   1.7479215748608112E-003
   1.7501339316368103E-003
   1.7511667683720589E-003
   1.7526675947010517E-003
   1.7541316337883472E-003
   1.7607877962291241E-003
   1.7650593072175980E-003
   1.7670146189630032E-003
   1.7720637843012810E-003
   1.7727045342326164E-003
   1.7740125767886639E-003
   1.7761192284524441E-003
   1.7765290103852749E-003
   1.7793322913348675E-003
   1.7802808433771133E-003
   1.7802929505705833E-003
   1.7812475562095642E-003
   1.7815935425460339E-003
   1.7828573472797871E-003
   1.7832540906965733E-003
   1.7860457301139832E-003
   1.7861104570329189E-003
   1.7861407250165939E-003
   1.7875721678137779E-003
   1.7900513485074043E-003
   1.7956364899873734E-003
   1.7978050746023655E-003
   1.8025683239102364E-003
   1.8030586652457714E-003
   1.8041920848190784E-003
   1.8053515814244747E-003
   1.8061925657093525E-003
   1.8077520653605461E-003
   1.8200534395873547E-003
   1.8213405273854733E-003
   1.8236543983221054E-003
   1.8264683894813061E-003
   1.8274979665875435E-003
   1.8298109062016010E-003
   1.8319161608815193E-003
   1.8328949809074402E-003
   1.8335897475481033E-003
   1.8357369117438793E-003
   1.8388917669653893E-003
   1.8398105166852474E-003
   1.8408312462270260E-003
   1.8427963368594646E-003
   1.8442003056406975E-003
   1.8448429182171822E-003
   1.8453798256814480E-003
   1.8471363000571728E-003
   1.8473905511200428E-003
   1.8498250283300877E-003
   1.8507149070501328E-003
   1.8515530973672867E-003
   1.8520276062190533E-003
   1.8522599712014198E-003
   1.8523898907005787E-003
   1.8543582409620285E-003
   1.8564094789326191E-003
   1.8571950495243073E-003
   1.8586739897727966E-003
   1.8595084547996521E-003
   1.8604737706482410E-003
   1.8623564392328262E-003
   1.8641743808984756E-003
   1.8698032945394516E-003
   1.8698442727327347E-003
   1.8728012219071388E-003
   1.8744673579931259E-003
   1.8761502578854561E-003
   1.8802136182785034E-003
   1.8830318003892899E-003
   1.8835654482245445E-003
   1.8856460228562355E-003
   1.8890961073338985E-003
   1.8905950710177422E-003
   1.8934258259832859E-003
   1.8946207128465176E-003
   1.8964125774800777E-003
   1.8990985117852688E-003
   1.8995767459273338E-003
   1.9008778035640717E-003
   1.9019544124603271E-003
   1.9039539620280266E-003
   1.9042752683162689E-003
   1.9066389650106430E-003
   1.9069309346377850E-003
   1.9082874059677124E-003
   1.9125384278595448E-003
   1.9136141054332256E-003
   1.9210916943848133E-003
   1.9210996106266975E-003
   1.9241678528487682E-003
   1.9259806722402573E-003
   1.9276910461485386E-003
   1.9310307689011097E-003
   1.9353493116796017E-003
   1.9354969263076782E-003
   1.9359430298209190E-003
   1.9371723756194115E-003
   1.9389661028981209E-003
   1.9400850869715214E-003
   1.9401847384870052E-003
   1.9418084993958473E-003
   1.9435253925621510E-003
   1.9443053752183914E-003
   1.9457535818219185E-003
   1.9464576616883278E-003
   1.9470569677650928E-003
   1.9482658244669437E-003
   1.9488511607050896E-003
   1.9510868005454540E-003
   1.9519669003784657E-003
   1.9531766884028912E-003
   1.9597853533923626E-003
   1.9614961929619312E-003
   1.9638002850115299E-003
   1.9654231145977974E-003
   1.9655958749353886E-003
   1.9670799374580383E-003
   1.9715935923159122E-003
   1.9722185097634792E-003
   1.9734511151909828E-003
   1.9777589477598667E-003
   1.9790693186223507E-003
   1.9819564186036587E-003
   1.9841445609927177E-003
   1.9843261688947678E-003
   1.9856682047247887E-003
   1.9880565814673901E-003
   1.9881362095475197E-003
   1.9888863898813725E-003
   1.9938698969781399E-003
   1.9960757344961166E-003
   1.9965018145740032E-003
   1.9967411644756794E-003
   2.0002103410661221E-003
   2.0006303675472736E-003
   2.0042108371853828E-003
   2.0058783702552319E-003
   2.0082159899175167E-003
   2.0139482803642750E-003
   2.0144111476838589E-003
   2.0179031416773796E-003
   2.0181052386760712E-003
   2.0205373875796795E-003
   2.0254454575479031E-003
   2.0256261341273785E-003
   2.0273495465517044E-003
   2.0327251404523849E-003
   2.0335717126727104E-003
   2.0336359739303589E-003
   2.0338334143161774E-003
   2.0347144454717636E-003
   2.0397813059389591E-003
   2.0426521077752113E-003
   2.0442940294742584E-003
   2.0463559776544571E-003
   2.0528775639832020E-003
   2.0543280988931656E-003
   2.0633046515285969E-003
   2.0668520592153072E-003
   2.0693936385214329E-003
   2.0700315944850445E-003
   2.0773676224052906E-003
   2.0827935077250004E-003
   2.0834654569625854E-003
   2.0850067958235741E-003
   2.0884568803012371E-003
   2.0914506167173386E-003
   2.0960136316716671E-003
   2.0978157408535480E-003
   2.0998870022594929E-003
   2.1043531596660614E-003
   2.1094600670039654E-003
   2.1130321547389030E-003
   2.1134484559297562E-003
   2.1142703481018543E-003
